free_thresh: 0.90
negate: 0
origin: [-8.800000, -8.500000, 0.0]
resolution: 0.010000
occupied_thresh: 0.65
image: map.pgm
mode: trinary

